R0:[1000.0, 997.0, 970.0, 58.0, 85.0, 0.07269954245043213]
R1:[1000.0, 997.0, 976.0, 36.0, 57.0, 0.047136340598074]
R2:[1000.0, 997.0, 963.0, 42.0, 76.0, 0.06020408163265306]
R3:[1000.0, 997.0, 963.0, 49.0, 83.0, 0.0673469387755102]
R4:[1000.0, 997.0, 968.0, 40.0, 69.0, 0.05547073791348601]
R5:[1000.0, 997.0, 976.0, 49.0, 70.0, 0.06031424227065383]
R6:[1000.0, 997.0, 979.0, 55.0, 73.0, 0.06477732793522267]
R7:[1000.0, 997.0, 977.0, 64.0, 84.0, 0.07497467071935157]
R8:[1000.0, 997.0, 982.0, 47.0, 62.0, 0.05507832238504295]
R9:[1000.0, 997.0, 969.0, 43.0, 71.0, 0.05798575788402848]
R10:[1000.0, 997.0, 979.0, 47.0, 65.0, 0.05668016194331984]
R11:[1000.0, 997.0, 980.0, 63.0, 80.0, 0.07233181588265047]
R12:[1000.0, 996.0, 984.0, 52.0, 64.0, 0.05858585858585859]
R13:[1000.0, 997.0, 968.0, 41.0, 70.0, 0.05648854961832061]
R14:[1000.0, 997.0, 974.0, 59.0, 82.0, 0.0715372907153729]
R15:[1000.0, 996.0, 959.0, 49.0, 86.0, 0.06905370843989769]
R16:[1000.0, 997.0, 975.0, 50.0, 72.0, 0.061866125760649086]
R17:[1000.0, 997.0, 979.0, 46.0, 64.0, 0.05566801619433198]
R18:[1000.0, 997.0, 968.0, 60.0, 89.0, 0.07582697201017811]
R19:[1000.0, 997.0, 974.0, 52.0, 75.0, 0.06443429731100964]
