R0:[1000.0, 997.0, 996.0, 90.0, 91.0, 0.09081786251881585]
R1:[1000.0, 997.0, 991.0, 96.0, 102.0, 0.09959758551307847]
R2:[1000.0, 997.0, 993.0, 105.0, 109.0, 0.10753768844221105]
R3:[1000.0, 997.0, 993.0, 93.0, 97.0, 0.09547738693467336]
R4:[1000.0, 997.0, 991.0, 141.0, 147.0, 0.1448692152917505]
R5:[1000.0, 997.0, 993.0, 86.0, 90.0, 0.08844221105527639]
R6:[1000.0, 997.0, 993.0, 99.0, 103.0, 0.10150753768844221]
R7:[1000.0, 997.0, 992.0, 115.0, 120.0, 0.11814982403217697]
R8:[1000.0, 997.0, 992.0, 112.0, 117.0, 0.1151332327802916]
R9:[1000.0, 997.0, 994.0, 113.0, 116.0, 0.1150175791059769]
R10:[1000.0, 997.0, 992.0, 86.0, 91.0, 0.0889894419306184]
R11:[1000.0, 997.0, 993.0, 109.0, 113.0, 0.11155778894472362]
R12:[1000.0, 997.0, 994.0, 120.0, 123.0, 0.1220492214967353]
R13:[1000.0, 997.0, 997.0, 97.0, 97.0, 0.09729187562688064]
R14:[1000.0, 997.0, 997.0, 89.0, 89.0, 0.08926780341023069]
R15:[1000.0, 997.0, 994.0, 82.0, 85.0, 0.0838774485183325]
R16:[1000.0, 997.0, 993.0, 134.0, 138.0, 0.13668341708542714]
R17:[1000.0, 997.0, 995.0, 88.0, 90.0, 0.0893574297188755]
R18:[1000.0, 997.0, 992.0, 107.0, 112.0, 0.11010558069381599]
R19:[1000.0, 997.0, 993.0, 111.0, 115.0, 0.1135678391959799]
