R0:[1000.0, 997.0, 970.0, 65.0, 92.0, 0.07981698017285206]
R1:[1000.0, 997.0, 976.0, 44.0, 65.0, 0.055245818550430814]
R2:[1000.0, 997.0, 963.0, 48.0, 82.0, 0.0663265306122449]
R3:[1000.0, 997.0, 963.0, 57.0, 91.0, 0.07551020408163266]
R4:[1000.0, 997.0, 968.0, 44.0, 73.0, 0.059541984732824425]
R5:[1000.0, 997.0, 976.0, 54.0, 75.0, 0.06538266599087683]
R6:[1000.0, 997.0, 979.0, 57.0, 75.0, 0.06680161943319839]
R7:[1000.0, 997.0, 977.0, 74.0, 94.0, 0.0851063829787234]
R8:[1000.0, 997.0, 982.0, 51.0, 66.0, 0.059120768064679134]
R9:[1000.0, 997.0, 969.0, 46.0, 74.0, 0.061037639877924724]
R10:[1000.0, 997.0, 979.0, 52.0, 70.0, 0.06174089068825911]
R11:[1000.0, 997.0, 980.0, 65.0, 82.0, 0.07435508345978756]
R12:[1000.0, 996.0, 984.0, 59.0, 71.0, 0.06565656565656566]
R13:[1000.0, 997.0, 968.0, 50.0, 79.0, 0.06564885496183206]
R14:[1000.0, 997.0, 974.0, 66.0, 89.0, 0.07864028411973617]
R15:[1000.0, 996.0, 959.0, 59.0, 96.0, 0.0792838874680307]
R16:[1000.0, 997.0, 975.0, 52.0, 74.0, 0.06389452332657201]
R17:[1000.0, 997.0, 979.0, 66.0, 84.0, 0.07591093117408906]
R18:[1000.0, 997.0, 968.0, 64.0, 93.0, 0.07989821882951655]
R19:[1000.0, 997.0, 974.0, 58.0, 81.0, 0.07052257737189244]
