R0:[1000.0, 997.0, 996.0, 105.0, 106.0, 0.1058705469141997]
R1:[1000.0, 997.0, 991.0, 106.0, 112.0, 0.1096579476861167]
R2:[1000.0, 997.0, 993.0, 122.0, 126.0, 0.12462311557788945]
R3:[1000.0, 997.0, 993.0, 119.0, 123.0, 0.12160804020100502]
R4:[1000.0, 997.0, 991.0, 169.0, 175.0, 0.17303822937625754]
R5:[1000.0, 997.0, 993.0, 98.0, 102.0, 0.10050251256281408]
R6:[1000.0, 997.0, 993.0, 120.0, 124.0, 0.12261306532663317]
R7:[1000.0, 997.0, 992.0, 127.0, 132.0, 0.13021618903971846]
R8:[1000.0, 997.0, 992.0, 132.0, 137.0, 0.13524384112619406]
R9:[1000.0, 997.0, 994.0, 121.0, 124.0, 0.12305374183827222]
R10:[1000.0, 997.0, 992.0, 107.0, 112.0, 0.11010558069381599]
R11:[1000.0, 997.0, 993.0, 122.0, 126.0, 0.12462311557788945]
R12:[1000.0, 997.0, 994.0, 129.0, 132.0, 0.13108990457056754]
R13:[1000.0, 997.0, 997.0, 125.0, 125.0, 0.12537612838515547]
R14:[1000.0, 997.0, 997.0, 100.0, 100.0, 0.10030090270812438]
R15:[1000.0, 997.0, 994.0, 107.0, 110.0, 0.1089904570567554]
R16:[1000.0, 997.0, 993.0, 159.0, 163.0, 0.16180904522613065]
R17:[1000.0, 997.0, 995.0, 94.0, 96.0, 0.09538152610441768]
R18:[1000.0, 997.0, 992.0, 123.0, 128.0, 0.12619406737053795]
R19:[1000.0, 997.0, 993.0, 136.0, 140.0, 0.13869346733668342]
